 19.1610
 20.1663
 20.5075
 19.2428
 19.3621
 20.4600
 19.5865
 19.5738
 19.1034
 19.4420
 19.8040
 19.5217
 19.1210
 19.3327
 20.2791
 20.8098
 19.3640
 20.3840
 19.0863
 19.1412
 20.1351
 19.3239
 22.5648
 28.6363
 21.7986
 20.5621
 20.2090
 18.9960
 20.7296
 19.1224
 19.0457
 19.2807
 19.1347
 19.1128
 19.0946
 19.1805
 20.6019
 21.6506
 20.2706
 21.2928
 21.4036
 15.6848
 21.3947
 12.5744
 22.5771
 12.4526
 21.4015
 21.3342
 21.3947
 21.3244
 21.4067
 21.4104
 22.1505
 25.9148
 25.5833
 32.1812
 71.2972
 27.7668
 22.6086
 26.7135
 25.5226
 26.2258
 28.5845
 70.9899
 20.9541
 21.7731
 22.6118
 20.9873
 21.4498
 21.9683
 22.3606
 82.5453
 21.9300
 21.7413
 18.2402
 31.1126
 34.1930
 20.9972
 19.1811
 18.7356
 18.2422
 19.1256
 18.5180
 17.7513
 19.2693
 18.7241
 19.1943
 19.8591
 18.8775
 18.6106
 18.3744
 19.9735
 18.2900
 18.3384
 18.3526
 19.2098
